200.2 0
3.2 CM_201
4.2 G
6.2 G21MHxxxxxxxxxxx
8.2 C
110.1
111.1
111.2 Nat.H(G20)
90.2 7950
91.2 2500
92.2 3100
118[0].2 9.4
116[0].2 8.2
119[0].2 3.4
70[0].2 6000
71[0].2 1890
72[0].2 3940
114[0].2 9.4
112[0].2 8.6
115[0].2 5.2
70[1].2 5940
71[1].2 1860
72[1].2 3830
114[1].2 9.4
112[1].2 8.6
115[1].2 5.2
111.2 Nat.L(G25)
90.2 7920
91.2 2490
92.2 3050
118[0].2 9.4
116[0].2 8.2
119[0].2 4.3
70[0].2 5970
71[0].2 1910
72[0].2 3960
114[0].2 9.4
112[0].2 8.6
115[0].2 7.0
70[1].2 5960
71[1].2 1880
72[1].2 3860
114[1].2 9.4
112[1].2 8.7
115[1].2 7.0
111.2 3P(G31)
90.2 7860
91.2 2550
92.2 3360
118[0].2 11.1
116[0].2 9.0
119[0].2 2.5
70[0].2 5760
71[0].2 1900
72[0].2 2860
114[0].2 10.5
112[0].2 9.4
115[0].2 3.3
70[1].2 5960
71[1].2 1860
72[1].2 2860
114[1].2 10.5
112[1].2 9.5
115[1].2 3.1
111.2 3B/P(G30)
90.2 7000
91.2 2360
92.2 3120
118[0].2 12.5
116[0].2 9.9
119[0].2 2.6
70[0].2 5500
71[0].2 1790
72[0].2 2850
114[0].2 12.5
112[0].2 11.4
115[0].2 3.3
70[1].2 5540
71[1].2 1700
72[1].2 2650
114[1].2 12.5
112[1].2 11.2
115[1].2 3.3
111.2 13A/12A
90.2 8060
91.2 2620
92.2 3000
118[0].2 9.4
116[0].2 8.3
119[0].2 3.3
70[0].2 6160
71[0].2 1900
72[0].2 3950
114[0].2 9.4
112[0].2 8.8
115[0].2 4.6
70[1].2 6200
71[1].2 1930
72[1].2 3830
114[1].2 9.4
112[1].2 8.7
115[1].2 4.6
111.2 NAT_GAS_US
90.2 7400
91.2 2360
92.2 2900
118[0].2 10.4
116[0].2 9.0
119[0].2 3.7
70[0].2 5620
71[0].2 1800
72[0].2 3800
114[0].2 10.4
112[0].2 9.4
115[0].2 6.1
70[1].2 5600
71[1].2 1800
72[1].2 3800
114[1].2 10.4
112[1].2 9.4
115[1].2 5.8
110.2 Nat.H(G20)

