200.2 0
3.2 CM_202
4.2 G
6.2 G22MHxxxxxxxxxxx
8.2 C
110.1
111.1
111.2 Nat.H(G20)
90.2 8080
91.2 2400
92.2 2460
118[0].2 9.4
116[0].2 8.8
119[0].2 3.4
70[0].2 7180
71[0].2 2040
72[0].2 3020
114[0].2 9.4
112[0].2 8.7
115[0].2 3.7
70[1].2 6960
71[1].2 2000
72[1].2 2980
114[1].2 9.4
112[1].2 8.7
115[1].2 3.6
111.2 Nat.L(G25)
90.2 8200
91.2 2440
92.2 2500
118[0].2 9.4
116[0].2 8.5
119[0].2 4.0
70[0].2 7200
71[0].2 2120
72[0].2 3100
114[0].2 9.4
112[0].2 8.8
115[0].2 4.8
70[1].2 7160
71[1].2 2050
72[1].2 3030
114[1].2 9.4
112[1].2 8.5
115[1].2 4.7
111.2 3P(G31)
90.2 7600
91.2 2400
92.2 2460
118[0].2 11.1
116[0].2 9.6
119[0].2 2.5
70[0].2 6760
71[0].2 2040
72[0].2 3000
114[0].2 11.1
112[0].2 9.6
115[0].2 2.7
70[1].2 6600
71[1].2 2000
72[1].2 2920
114[1].2 11.1
112[1].2 9.6
115[1].2 2.6
111.2 3B/P(G30)
90.2 7600
91.2 2340
92.2 2400
118[0].2 12.5
116[0].2 10.9
119[0].2 2.5
70[0].2 6960
71[0].2 2030
72[0].2 3000
114[0].2 12.5
112[0].2 11.0
115[0].2 2.6
70[1].2 6760
71[1].2 1960
72[1].2 2940
114[1].2 12.5
112[1].2 10.8
115[1].2 2.8
111.2 13A/12A
90.2 8300
91.2 2400
92.2 2520
118[0].2 9.4
116[0].2 9.2
119[0].2 3.1
70[0].2 7400
71[0].2 2120
72[0].2 3120
114[0].2 9.4
112[0].2 8.8
115[0].2 3.4
70[1].2 7260
71[1].2 2140
72[1].2 3160
114[1].2 9.4
112[1].2 8.5
115[1].2 3.3
111.2 NAT_GAS_US
90.2 7560
91.2 2290
92.2 2350
118[0].2 10.4
116[0].2 9.6
119[0].2 3.6
70[0].2 6760
71[0].2 2000
72[0].2 2900
114[0].2 10.4
112[0].2 9.8
115[0].2 3.9
70[1].2 6600
71[1].2 1930
72[1].2 3000
114[1].2 10.4
112[1].2 9.4
115[1].2 3.9
110.2 Nat.H(G20)

